30
-1 92 81 13 52 37 25 16 42 6 65 10 43 44 19 7 8 10 65 61 67 77 21 57 46 42 26 95 37 80 
93 -1 54 14 50 34 64 70 53 77 40 81 99 76 34 20 78 55 67 92 53 97 68 69 43 9 35 98 63 9 
26 74 -1 33 58 51 89 25 84 50 11 17 81 54 69 53 33 6 14 18 100 30 99 94 99 64 85 59 76 45 
75 89 13 -1 38 100 34 34 6 52 45 19 80 52 95 57 15 87 66 75 9 98 72 69 52 37 25 48 78 17 
99 12 59 5 -1 28 44 38 34 64 52 75 26 20 70 53 45 86 36 27 59 55 83 70 99 33 23 20 95 29 
19 98 65 41 49 -1 64 30 70 59 72 21 19 28 36 86 88 35 57 43 15 88 97 49 62 21 86 93 99 20 
11 24 35 55 64 28 -1 21 40 62 50 47 6 74 49 6 61 39 84 55 52 19 21 92 85 72 57 75 31 27 
63 63 21 27 20 99 26 -1 58 75 55 69 77 34 16 11 85 20 15 10 79 62 82 99 45 77 39 65 47 80 
39 61 67 61 15 83 44 99 -1 17 45 93 17 66 17 27 90 9 7 25 95 43 5 97 84 48 14 82 15 26 
65 50 59 100 40 89 50 96 95 -1 49 76 43 28 69 14 59 93 22 42 44 88 44 37 86 26 35 69 41 45 
5 34 74 51 56 30 88 70 59 64 -1 90 85 92 55 11 41 80 32 55 72 46 43 93 75 20 29 93 94 94 
94 16 76 91 92 28 87 78 54 70 38 -1 88 17 86 22 99 37 66 83 6 36 76 75 78 17 32 73 36 23 
49 98 85 41 5 98 98 75 76 89 78 17 -1 65 54 84 21 34 62 89 20 92 7 65 64 64 61 38 19 60 
81 54 16 94 35 60 74 52 15 8 93 68 55 -1 30 26 38 28 82 39 17 37 22 22 97 14 7 41 53 65 
31 5 81 63 7 47 60 59 14 83 13 70 95 85 -1 39 52 18 77 66 95 47 49 78 28 25 51 25 80 12 
59 26 13 52 63 75 8 57 97 33 69 39 80 55 33 -1 87 38 25 7 66 90 22 59 14 75 29 46 46 56 
48 95 24 21 48 52 21 63 38 74 51 33 7 92 100 42 -1 23 62 82 44 48 37 16 49 6 35 24 55 76 
27 7 5 65 34 70 66 72 6 10 27 20 46 85 61 80 42 -1 75 51 80 47 57 69 91 62 52 63 43 68 
5 89 94 73 33 35 72 97 78 90 58 79 33 5 8 91 35 66 -1 40 57 80 5 35 24 46 40 54 44 85 
38 68 61 100 24 14 100 73 100 13 57 70 32 30 58 79 95 66 98 -1 23 19 99 67 71 82 22 22 66 40 
61 59 62 18 52 63 65 39 24 96 27 86 85 33 33 97 25 33 68 62 -1 33 17 91 78 90 100 100 78 68 
84 51 43 96 72 15 52 57 75 24 48 16 54 87 53 95 45 89 83 52 34 -1 22 46 20 59 60 62 20 92 
16 18 75 9 59 87 78 5 43 76 40 51 85 48 90 38 63 69 33 67 49 9 -1 45 24 99 68 68 18 62 
62 58 38 47 16 50 69 19 52 62 15 29 41 44 9 67 48 15 5 28 100 59 95 -1 46 32 14 76 97 67 
86 93 13 81 93 90 6 29 70 91 82 39 87 40 94 39 43 69 59 14 66 75 68 84 -1 44 22 71 17 11 
7 76 97 64 8 53 55 64 67 50 87 85 36 93 18 21 82 84 87 87 70 75 95 79 97 -1 28 81 60 40 
13 12 63 10 43 59 63 91 95 81 54 36 52 94 71 49 33 23 68 37 59 37 19 91 45 25 -1 76 97 25 
89 13 24 95 19 34 26 54 96 49 13 35 60 35 61 36 78 21 72 37 84 31 92 30 92 66 45 -1 93 47 
8 71 77 99 31 33 37 77 59 26 25 56 70 41 7 79 81 32 60 9 48 36 65 64 26 36 26 21 -1 83 
61 60 6 88 90 92 7 64 12 77 69 42 80 19 19 96 74 24 59 26 98 65 10 22 93 78 52 23 21 -1 
